1.0688278903791013
0.9902331256276089
0.987738838929564
0.9825312558574354
0.9703918694096354
0.960750271101866
0.9418110521671755
0.9183796813665429
0.8999017457575156
0.8761682557312531
0.8515781104282066
0.8218298121537114
0.790363963777154
0.7586712132449885
0.7287596492853127
0.6914271765539185
0.6504322520335872
0.6174628308378682
0.5904700458548731
0.5591831716527284
0.5203142508016749
0.5215568816176774
0.5052779800745192
0.4737199147324683
0.4619242039308488
0.433045580777847
0.4404338671009172
0.43445533666461367
0.4234393126134912
0.4134758669253123
0.4185440990694364
0.39876263651320704
0.3985003260239911
0.3697638782216311
0.4006735692601552
0.3790391532614915
0.39585926044418485
0.38178253687367014
0.36225960129937407
0.3737894377705517
0.3630448889291752
0.3651405524753422
0.35229291969855286
0.3563425950587735
0.3415362394093688
0.35612519846067686
0.33381464846317394
0.32775958024607227
0.33283448069021015
0.32572420379248296
0.3304719838389143
0.3246188005485209
0.3282263684468487
0.3240442767094477
0.3259535514049509
0.3235767193229342
0.3240207868489959
0.3228147360982959
0.32251004730865285
0.32174598439445684
0.321171498406337
0.3204927165018513
0.31982409414594226
0.3191251508055374
0.31840959993196327
0.3176781311919973
0.31693449011274216
0.3161835154478414
0.3154294069351535
0.3146765712395251
0.3139287101004947
0.31318890424657714
0.31245946166243804
0.31174195419789547
0.31103730905050214
0.31034592529794985
0.30966780826176826
0.3090026847796915
0.3083500963795524
0.3077094640547304
0.3070801316565483
0.30646139950659423
0.30585256174546616
0.3052529577642865
0.3046620369763605
0.3040794179713765
0.30350490123632473
0.3029383830029138
0.30237963519443267
0.3018279677295829
0.3012818484167455
0.30073859092686867
0.30019425380770515
0.2996440106515655
0.2990835189610092
0.29851193308246715
0.2979358548438869
0.29736987026886225
0.2968297266482101
0.2963242552196353
0.2958541065970454
0.29541507374616227
0.2950014383318737
0.2946077770529996
0.2942294203159841
0.29386256130351507
0.29350451982104186
0.29315418802143045
0.2928124114798336
0.29248162956875695
0.29216439024537116
0.29186160084273644
0.2915720907379595
0.29129348914256875
0.29102326179832244
0.2907592589683961
0.29049982314282236
0.29024368491083447
0.28998980417957226
0.2897372171056173
0.2894848993798709
0.2892316360805757
0.2889758871379653
0.2887156517083226
0.2884483847165508
0.2881711541809666
0.2878815001616333
0.2875796162038811
0.28727117192740836
0.2869662233718738
0.28667092293691265
0.2863828465413241
0.286099298930186
0.2858257296360353
0.2855722883643064
0.28534272518627307
0.285131408079218
0.2849307954616241
0.28473608146730534
0.2845449523696926
0.28435640456856265
0.2841700068637146
0.2839855647489797
0.2838029807783563
0.2836221958104948
0.2834431624565033
0.2832658318487906
0.283090146291796
0.28291603458425774
0.282743408402855
0.2825721587768431
0.2824021519366838
0.28223322387931954
0.28206517291717015
0.28189774927069255
0.2817306403959373
0.28156345014727746
0.28139566896112483
0.2812266308618609
0.28105545104824936
0.2808809349538129
0.2807014461623961
0.2805147183666477
0.2803176069938719
0.28010586036135027
0.27987444247253374
0.27962065855692014
0.27935440530978184
0.27910671879971005
0.2789028096517838
0.2787316318107747
0.27857240669615047
0.2784162909807131
0.27826148856979344
0.2781079947890713
0.27795603883378933
0.2778057937499492
0.2776573600678756
0.27751078739343393
0.27736609213343943
0.2772232686381898
0.277082296242112
0.27694314405125725
0.2768057744135893
0.2766701455091955
0.27653621328419054
0.27640393287021475
0.27627325959844257
0.2761441496986848
0.2760165607592737
0.27589045200942264
0.27576578447289285
0.2756425210305487
0.2755206264200242
0.27540006719329235
0.27528081164714946
0.2751628297373163
0.2750460929836404
0.2749305743715841
0.2748162482535028
0.27470309025205836
0.2745910771672779
0.27448018688818887
0.2743703983095706
0.2742616912540865
0.2741540463998526
0.27404744521339847
0.27394186988785474
0.27383730328616834
0.2737337288890858
0.27363113074764067
0.27352949343984667
0.27342880203131614
0.2733290420395073
0.27323019940131554
0.2731322604437303
0.27303521185730795
0.2729390406721914
0.2728437342364601
0.2727492801965765
0.27265566647973666
0.2725628812779285
0.2724709130335329
0.2723797504263004
0.27228938236156947
0.27219979795958893
0.27211098654582394
0.27202293764214697
0.27193564095881173
0.2718490863871209
0.2717632639927148
0.2716781640094113
0.2715937768335281
0.2715100930186426
0.27142710327072256
0.27134479844360615
0.2712631695347694
0.27118220768135715
0.27110190415645163
0.27102225036553035
0.2709432378431107
0.27086485824954754
0.2707871033679611
0.270709965101286
0.2706334354694182
0.2705575066064501
0.2704821707579742
0.27040742027845666
0.2703332476286459
0.27025964537303976
0.27018660617736784
0.2701141228061042
0.27004218811999087
0.26997079507356947
0.2698999367127101
0.2698296061721296
0.26975979667289474
0.26969050151990487
0.2696217140993324
0.2695534278760376
0.2694856363909232
0.2694183332582403
0.26935151216282455
0.26928516685725445
0.26921929115892784
0.2691538789470336
0.2690889241594141
0.26902442078929856
0.26896036288189706
0.2688967445308276
0.26883355987436963
0.26877080309150453
0.268708468397739
0.2686465500406607
0.26858504229521213
0.268523939458636
0.2684632358450537
0.26840292577963176
0.26834300359228336
0.2682834636108377
0.2682243001536164
0.26816550752132723
0.2681070799881937
0.2680490117922029
0.2679912971243517
0.2679339301167555
0.26787690482943377
0.2678202152356032
0.2677638552052198
0.26770781848652697
0.26765209868527595
0.2675966892412469
0.26754158340162415
0.267486774190693
0.2674322543752176
0.26737801642473213
0.2673240524658117
0.2672703542292079
0.2672169129884572
0.2671637194882844
0.2671107638607258
0.2670580355263798
0.2670055230775783
0.2669532141394388
0.2669010952036918
0.2668491514287917
0.2667973663979695
0.2667457218244861
0.2666941971900073
0.26664276929766256
0.2665914117152203
0.26654009407542745
0.26648878118876784
0.2664374319071324
0.26638599765275844
0.2663344204914827
0.2662826305768373
0.2662305427119484
0.2661780516534076
0.2661250255874059
0.2660712968954117
0.2660166488076962
0.26596079565803027
0.26590335289568057
0.26584379017463694
0.2657813554763283
0.265714947658544
0.26564289312511924
0.2655625359425241
0.26546944908102393
0.2653558572758004
0.26520749961137413
0.26499847922008546
0.26469160511198825
0.2642838778451111
0.26391447104016114
0.26372876516729016
0.2636204001485733
0.26354086039555646
0.2634734683096932
0.2634119552281519
0.26335375363763514
0.263297743784533
0.26324338343711057
0.263190370389332
0.2631385103074298
0.2630876631855432
0.2630377203855187
0.26298859386696755
0.26294021048670274
0.2628925085584213
0.2628454355281543
0.2627989462737897
0.26275300179909
0.2627075682020587
0.2626626158463976
0.2626181186888575
0.262574053728792
0.2625304005547128
0.2624871409684965
0.2624442586722308
0.2624017390058795
0.26235956872646043
0.26231773582133017
0.2622762293496504
0.2622350393072798
0.26219415651123157
0.26215357250055665
0.2621132794510757
0.2620732701018291
0.2620335376914898
0.26199407590325197
0.261954878816978
0.26191594086754727
0.2618772568085371
0.26183882168049566
0.2618006307831587
0.2617626796510782
0.26172496403220424
0.2616874798690166
0.2616502232818648
0.2616131905542365
0.2615763781196944
0.2615397825502618
0.2615034005460814
0.2614672289261748
0.2614312646201754
0.2613955046608978
0.26135994617766234
0.26132458639025713
0.26128942260348453
0.2612544522022074
0.261219672646842
0.26118508146924785
0.26115067626896105
0.2611164547097471
0.2610824145164244
0.2610485534719313
0.2610148694146223
0.2609813602357546
0.26094802387715565
0.2609148583290483
0.26088186162802096
0.2608490318551299
0.2608163671341189
0.2607838656297427
0.26075152554619646
0.26071934512562955
0.26068732264673994
0.2606554564234517
0.26062374480365236
0.2605921861680053
0.26056077892880775
0.26052952152891923
0.26049841244072924
0.26046745016517736
0.2604366332308176
0.26040596019292367
0.26037542963263205
0.260345040156123
0.2603147903938357
0.26028467899971336
0.2602547046504801
0.26022486604494605
0.26019516190334
0.26016559096666525
0.26013615199608137
0.26010684377230947
0.2600776650950533
0.2600486147824503
0.26001969167053224
0.25999089461271047
0.2599622224792746
0.259933674156913
0.25990524854824126
0.25987694457135263
0.25984876115937877
0.2598206972600647
0.25979275183535605
0.25976492386100153
0.25973721232616087
0.2597096162330305
0.2596821345964732
0.25965476644366364
0.259627510813738
0.2596003667574567
0.2595733333368703
0.25954640962499975
0.2595195947055192
0.259492887672447
0.2594662876298432
0.2594397936915148
0.25941340498072624
0.2593871206299102
0.2593609397803933
0.2593348615821159
0.2593088851933633
0.259283009780499
0.2592572345176997
0.25923155858669195
0.25920598117649873
0.2591805014831833
0.25915511870958885
0.25912983206509543
0.2591046407653622
0.2590795440320801
0.2590545410927244
0.25902963118029876
0.2590048135330919
0.2589800873944245
0.2589554520123962
0.2589309066396346
0.2589064505330373
0.2588820829535165
0.2588578031657356
0.2588336104378478
0.2588095040412228
0.25878548325017986
0.2587615473417039
0.2587376955951631
0.25871392729201875
0.25869024171552857
0.258666638150437
0.2586431158826638
0.2586196741989803
0.25859631238667163
0.2585730297331931
0.2585498255258122
0.2585266990512366
0.25850364959522604
0.2584806764421916
0.25845777887477495
0.25843495617341167
0.25841220761586964
0.25838953247677143
0.2583669300270878
0.25834439953360644
0.2583219402583767
0.2582995514581158
0.2582772323835916
0.2582549822789622
0.25823280038108026
0.2582106859187526
0.25818863811195747
0.25816665617100987
0.25814473929567266
0.258122886674206
0.2581010974823591
0.25807937088228533
0.2580577060213838
0.2580361020310561
0.2580145580253716
0.2579930730996314
0.2579716463288259
0.25795027676596527
0.25792896344028515
0.25790770535529556
0.2578865014866823
0.2578653507800181
0.25784425214828843
0.2578232044691902
0.2578022065821981
0.25778125728536194
0.25776035533180686
0.2577394994259016
0.257718688219064
0.2576979203051484
0.2576771942153806
0.25765650841276855
0.2576358612859399
0.257615251142321
0.25759467620058196
0.257574134582247
0.2575536243023581
0.2575331432590667
0.25751268922199944
0.25749225981922835
0.25747185252263777
0.25745146463145246
0.2574310932536507
0.257410735284923
0.2573903873848019
0.2573700459494822
0.2573497070807973
0.257329366550673
0.2573090197602885
0.2572886616929525
0.2572682868595654
0.2572478892352208
0.2572274621852213
0.2572069983783561
0.25718648968478364
0.2571659270552007
0.25714530037713496
0.257124598303086
0.25710380804382765
0.2570829151182434
0.25706190304859117
0.2570407529866521
0.25701944325164466
0.2569979487544432
0.2569762402738876
0.25695428353863087
0.2569320380504482
0.25690945555957906
0.2568864780655453
0.25686303516147846
0.25683904045592065
0.25681438667586937
0.25678893884904963
0.2567625246302902
0.2567349202842722
0.25670582989447105
0.2566748537129124
0.2566414385649162
0.2566047976014814
0.25656377580967477
0.25651661602621534
0.25646053655613327
0.2563909470175111
0.2563000017037801
0.2561742736819041
0.25599356397437456
0.2557434659411557
0.25545750877057916
0.2552352526641444
0.25510717648464304
0.2550416869958001
0.2550002795170679
0.2549613455877544
0.25493423972128537
0.2549122326334933
0.25487866412162363
0.25485650405361027
0.2548430229813122
0.25480760885725934
0.2547862523020108
0.25478250539744207
0.2547422344680222
0.2547185785711917
0.25472851788118644
0.25468180428265674
0.2546513570259375
0.25468097645298576
0.25463007853356107
0.2545842739605226
0.254640774404965
0.2546009839387773
0.25452064876988933
0.25461151468682813
0.25463577696276285
0.25447398841030217
0.2546072457751107
0.2548078942726393
0.25446237108056186
0.25463015848501586
0.25501504378075907
0.2544276621208108
0.25458768845402663
0.25492319376305006
0.254323733875915
0.25447188602891924
0.25468333674916155
0.2542261354707647
0.2543657777380298
0.2545004824806881
0.25415650246199173
0.25428372842436153
0.25437895966122626
0.2541021823947091
0.25421672524319033
0.2542907544818665
0.25405425169384244
0.2541578318069399
0.2542187482074353
0.25400938365333187
0.25410315505713976
0.254154266534537
0.2539669866434938
0.254050428670111
0.2540930324149287
0.2539279271647533
0.2539982092807289
0.25403344137221306
0.2538943964596186
0.2539455838417138
0.2539763424487747
0.25387029152561674
0.2538922209310359
0.25392557660810694
0.25386095943347536
0.25383858666428105
0.2538874309390227
0.25386878018690173
0.2537855822727568
0.25386441239473434
0.25388136027747144
0.25373282183819745
0.25384481959697014
0.2538692652032274
0.25367878326713894
0.2538105073244618
0.2538174888338033
0.2536247606732842
0.25375934366527025
0.2537426437513798
0.253574121060733
0.253701448666319
0.25366617776313
0.2535284853645135
0.2536442187715683
0.2535978654469325
0.25348760516837887
0.2535898330018572
0.25353995514452377
0.2534507597246814
0.2535380483942033
0.25349279502118366
0.253417249879738
0.2534880527500887
0.2534564443155635
0.25338599934217504
0.2534391414815475
0.25342956213304807
0.2533551078260499
0.2533909541412779
0.2534078360926066
0.25332265439684215
0.2533437216560294
0.2533848373718405
0.2532889116784701
0.2532984689215317
0.2533556782755182
0.2532571059849458
0.25325670262947825
0.2533194953648723
0.2532306029551897
0.25321966790282524
0.2532784771883946
0.2532094226909071
0.2531878679783165
0.2532357547437504
0.25318997736384935
0.2531609248645988
0.2531941022600012
0.2531680181282773
0.25313730720801475
0.2531552075477537
0.2531414769843864
0.253114303179046
0.25311922873450066
0.25311071927070916
0.25308905883298277
0.2530849699305646
0.2530770292333547
0.2530599515005493
0.25305072157115993
0.2530413696311329
0.2530269037552117
0.253015193156309
0.2530041708965229
0.2529907204203173
0.25297792587072393
0.2529656625278226
0.25295239334294595
0.2529391334267173
0.25292614105022676
0.25291278580205334
0.25289933673207693
0.2528860031348927
0.25287256922445606
0.2528590836345665
0.25284565867242653
0.25283223636615515
0.25281881653921673
0.2528054491636361
0.2527921255585143
0.2527788406973235
0.2527656140752678
0.25275244803747265
0.2527393396701335
0.2527262954634468
0.25271331796681834
0.25270040567144525
0.2526875599304163
0.2526747816178118
0.2526620695584119
0.25264942316676436
0.25263684201184233
0.25262432482429636
0.2526118703271211
0.25259947739998767
0.25258714464536053
0.25257487058843064
0.25256265384860904
0.252550492991942
0.2525383865532065
0.2525263331291011
0.25251433134185197
0.2525023798272372
0.2524904772732744
0.25247862241696345
0.2524668140331202
0.2524550509467741
0.2524433320357437
0.2524316562242729
0.25242002248509526
0.25240842984088163
0.2523968773607549
0.25238536415901375
0.2523738893948651
0.2523624522701237
0.2523510520271639
0.25233968794766287
0.25232835935071
0.2523170655907803
0.25230580605612113
0.2522945801670393
0.25228338737408884
0.25227222715645053
0.2522610990203728
0.252250002497592
0.25223893714385487
0.2522279025375343
0.2522168982782661
0.25220592398566605
0.25219497929811946
0.2521840638716255
0.25217317737870615
0.25216231950736767
0.2521514899601295
0.25214068845310444
0.25212991471512786
0.2521191684869449
0.25210844952044364
0.2520977575779282
0.2520870924314491
0.25207645386216193
0.2520658416597346
0.252055255621791
0.25204469555338527
0.25203416126651473
0.2520236525796628
0.25201316931737494
0.2520027113098557
0.25199227839259913
0.25198187040604236
0.2519714871952418
0.25196112860957237
0.25195079450244523
0.25194048473105096
0.2519301991561132
0.2519199376416637
0.2519097000548368
0.2518994862656687
0.2518892961469221
0.2518791295739175
0.25186898642437594
0.25185886657827894
0.251848769917732
0.2518386963268435
0.2518286456916099
0.25181861789981025
0.25180861284090916
0.25179863040596484
0.25178867048754994
0.25177873297966996
0.2517688177776944
0.2517589247782928
0.25174905387937097
0.25173920498001756
0.251729377980451
0.2517195727819745
0.25170978928692883
0.2517000273986549
0.25169028702145413
0.2516805680605561
0.25167087042208586
0.2516611940130332
0.2516515387412273
0.2516419045153132
0.25163229124472464
0.2516226988396644
0.25161312721108664
0.25160357627067614
0.25159404593082974
0.2515845361046457
0.2515750467059026
0.25156557764905063
0.25155612884919687
0.2515467002220919
0.2515372916841213
0.2515279031522937
0.25151853454422907
0.25150918577815357
0.2514998567728878
0.25149054744783783
0.25148125772299074
0.2514719875189013
0.2514627367566944
0.25145350535804567
0.2514442932451845
0.2514351003408859
0.2514259265684609
0.25141677185175476
0.251407636115137
0.2513985192835025
0.2513894212822578
0.251380342037324
0.2513712814751244
0.2513622395225858
0.2513532161071303
0.2513442111566708
0.2513352245996068
0.25132625636481976
0.25131730638166944
0.25130837457998806
0.2512994608900756
0.25129056524269844
0.25128168756908137
0.251272827800906
0.2512639858703056
0.251255161709861
0.2512463552525967
0.25123756643197664
0.2512287951818997
0.2512200414366972
0.25121130513112894
0.2512025862003761
0.251193884580042
0.25118520020614515
0.25117653301511483
0.25116788294379216
0.25115924992942057
0.2511506339096454
0.25114203482250813
0.2511334526064465
0.25112488720028686
0.2511163385432409
0.25110780657490683
0.2510992912352579
0.2510907924646479
0.25108231020379895
0.25107384439380576
0.2510653949761266
0.2510569618925823
0.25104854508535335
0.2510401444969762
0.2510317600703385
0.25102339174867755
0.2510150394755781
0.2510067031949641
0.2509983828511026
0.25099007838859616
0.25098178975237967
0.2509735168877185
0.25096525974020717
0.25095701825576167
0.2509487923806213
0.2509405820613432
0.2509323872447993
0.2509242078781753
0.2509160439089658
0.2509078952849726
0.2508997619543009
0.250891643865359
0.2508835409668518
0.2508754532077812
0.2508673805374423
0.25085932290542073
0.2508512802615899
0.250843252556109
0.25083523973942096
0.25082724176224563
0.2508192585755859
0.25081129013071635
0.25080333637918556
0.2507953972728126
0.2507874727636848
0.25077956280415564
0.250771667346841
0.2507637863446192
0.25075591975062744
0.25074806751825923
0.25074022960116066
0.25073240595323437
0.2507245965286288
0.25071680128174306
0.25070902016722024
0.2507012531399494
0.25069350015505804
0.2506857611679165
0.2506780361341306
0.25067032500954267
0.25066262775022885
0.25065494431249496
0.2506472746528793
0.25063961872814566
0.25063197649528635
0.2506243479115141
0.2506167329342668
0.25060913152120246
0.2506015436301951
0.2505939692193387
0.25058640824694095
0.2505788606715216
0.25057132645181457
0.2505638055467612
0.25055629791551226
0.25054880351742503
0.25054132231206094
0.2505338542591846
0.2505263993187643
0.25051895745096503
0.2505115286161531
0.2505041127748906
0.2504967098879345
0.25048931991623613
0.2504819428209391
0.2504745785633786
0.25046722710507824
0.25045988840774946
0.2504525624332909
0.25044524914378596
0.250437948501502
0.25043066046888773
0.2504233850085737
0.25041612208336983
0.25040887165626385
0.25040163369042073
0.2503944081491807
0.2503871949960584
0.2503799941947412
0.25037280570908843
0.2503656295031294
0.2503584655410632
0.25035131378725656
0.25034417420624244
0.25033704676271995
0.2503299314215519
